五官/鼻子:
    深度: 
        0.57
五官/嘴:
    深度: 
        0.65
五官/眼睛:
    深度: 
        - [0.65, 0.65]
        - [0.67, 0.67]
五官/眉毛:
    深度: 
        0.65
后发/下侧:
    深度: 
        0.8
后发/主:
    深度: 
        - [1.447, 1.235, 1.147, 1.126, 1.124, 1.126, 1.147, 1.235, 1.447]
        - [1.235, 0.979, 0.857, 0.824, 0.822, 0.824, 0.857, 0.979, 1.235]
        - [1.147, 0.857, 0.687, 0.628, 0.623, 0.628, 0.687, 0.857, 1.147]
        - [1.126, 0.824, 0.628, 0.525, 0.509, 0.525, 0.628, 0.824, 1.126]
        - [1.124, 0.822, 0.623, 0.509, 0.472, 0.509, 0.623, 0.822, 1.124]
        - [1.126, 0.824, 0.628, 0.525, 0.509, 0.525, 0.628, 0.824, 1.126]
        - [1.147, 0.857, 0.687, 0.628, 0.623, 0.628, 0.687, 0.857, 1.147]
        - [1.235, 0.979, 0.857, 0.824, 0.822, 0.824, 0.857, 0.979, 1.235]
        - [1.447, 1.235, 1.147, 1.126, 1.124, 1.126, 1.147, 1.235, 1.447]
身体:
    深度: 
        0.9
脸:
    深度: 
        - [0.68, 0.68]
        - [0.72, 0.72]
前发/左:
    深度: 
        - [0.71, 0.75]
        - [0.61, 0.65]
        - [0.63, 0.67]
        - [0.66, 0.70]
前发/右:
    深度: 
        - [0.75, 0.71]
        - [0.65, 0.61]
        - [0.67, 0.63]
        - [0.70, 0.66]
前发/右右:
    深度: 
        - [0.8, 0.7]
        - [0.8, 0.7]
前发/中:
    深度: 
        - [0.78, 0.76, 0.78]
        - [0.64, 0.62, 0.64]
        - [0.66, 0.64, 0.66]
侧马尾: 
    深度: 
        - [0.8, 0.8]
        - [0.65, 0.65]
        - [0.7, 0.7]
后侧马尾: 
    深度: 
        0.8